EbN0: [18]
BER: [[[[1.00500001e-05]]]]
Errors: [[[[201.]]]]
SER: [[[[2.01000003e-05]]]]
Noisepower: [[[[21.0100932]]]]
SNR: [[[[22.43612508]]]]
BER Variance: [[[[5.3703451e-10]]]]
Regularization: [[[[0.12613457]]]]
Time to eval: 30.110716104507446
