EbN0: [18]
BER: [[[[4.34999993e-06]]]]
Errors: [[[[87.]]]]
SER: [[[[8.69999985e-06]]]]
Noisepower: [[[[21.00932548]]]]
SNR: [[[[22.57862813]]]]
BER Variance: [[[[2.33811302e-10]]]]
Regularization: [[[[0.11880599]]]]
Time to eval: 30.389699697494507
