EbN0: [18]
BER: [[[[0.00013465]]]]
Errors: [[[[2693.]]]]
SER: [[[[0.0002693]]]]
Noisepower: [[[[21.00735741]]]]
SNR: [[[[22.24441129]]]]
BER Variance: [[[[1.12731492e-08]]]]
Regularization: [[[[0.11330625]]]]
Time to eval: 30.250925302505493
