EbN0: [18]
BER: [[[[5.94999983e-06]]]]
Errors: [[[[119.]]]]
SER: [[[[1.19000006e-05]]]]
Noisepower: [[[[21.00824033]]]]
SNR: [[[[22.52031618]]]]
BER Variance: [[[[2.87384871e-10]]]]
Regularization: [[[[0.12513527]]]]
Time to eval: 30.246869564056396
