EbN0: [18]
BER: [[[[3.36999983e-05]]]]
Errors: [[[[674.]]]]
SER: [[[[6.74000039e-05]]]]
Noisepower: [[[[21.00997247]]]]
SNR: [[[[22.34130398]]]]
BER Variance: [[[[1.93124131e-09]]]]
Regularization: [[[[0.1200199]]]]
Time to eval: 30.084744691848755
