EbN0: [18]
BER: [[[[0.01081155]]]]
Errors: [[[[216231.]]]]
SER: [[[[0.020559]]]]
Noisepower: [[[[21.01184093]]]]
SNR: [[[[22.17523031]]]]
BER Variance: [[[[4.37138895e-06]]]]
Regularization: [[[[0.12700789]]]]
Time to eval: 30.33475637435913
