EbN0: [21.]
BER: [[[[0.0001265]]]]
SER: [[[[0.000253]]]]
Noisepower: [[[[24.01021157]]]]
SNR: [[[[25.17294878]]]]
Time to train: 1793.2917370796204
