EbN0: [18]
BER: [[[[3.00000011e-06]]]]
Errors: [[[[3.]]]]
SER: [[[[6.00000021e-06]]]]
Noisepower: [[[[21.00678859]]]]
SNR: [[[[22.57668534]]]]
BER Variance: [[[[1.43877543e-10]]]]
Regularization: [[[[0.]]]]
Time to eval: 0.463284969329834
