EbN0: [18]
BER: [[[[1.89999992e-05]]]]
Errors: [[[[19.]]]]
SER: [[[[3.79999983e-05]]]]
Noisepower: [[[[21.00842671]]]]
SNR: [[[[22.43906959]]]]
BER Variance: [[[[1.00918364e-09]]]]
Regularization: [[[[0.]]]]
Time to eval: 0.43814873695373535
