EbN0: [18]
BER: [[[[5.40000001e-05]]]]
Errors: [[[[54.]]]]
SER: [[[[0.000108]]]]
Noisepower: [[[[21.0115656]]]]
SNR: [[[[22.3433621]]]]
BER Variance: [[[[3.86122471e-09]]]]
Regularization: [[[[0.]]]]
Time to eval: 0.4278140068054199
