EbN0: [18]
BER: [[[[0.015368]]]]
Errors: [[[[15368.]]]]
SER: [[[[0.030078]]]]
Noisepower: [[[[21.00711553]]]]
SNR: [[[[22.17497839]]]]
BER Variance: [[[[1.75702945e-06]]]]
Regularization: [[[[0.]]]]
Time to eval: 0.43235301971435547
