EbN0: [18]
BER: [[[[7.0000001e-06]]]]
Errors: [[[[7.]]]]
SER: [[[[1.40000002e-05]]]]
Noisepower: [[[[21.01105598]]]]
SNR: [[[[22.51968517]]]]
BER Variance: [[[[4.09183649e-10]]]]
Regularization: [[[[0.]]]]
Time to eval: 0.4553396701812744
