EbN0: [18]
BER: [[[[0.000504]]]]
Errors: [[[[504.]]]]
SER: [[[[0.001008]]]]
Noisepower: [[[[21.01058602]]]]
SNR: [[[[22.25115597]]]]
BER Variance: [[[[1.82489871e-08]]]]
Regularization: [[[[0.]]]]
Time to eval: 0.447009801864624
