EbN0: [18]
BER: [[[[0.011484]]]]
Errors: [[[[11484.]]]]
SER: [[[[0.021936]]]]
Noisepower: [[[[21.01187077]]]]
SNR: [[[[22.17738247]]]]
BER Variance: [[[[1.95892556e-06]]]]
Regularization: [[[[0.09728956]]]]
Time to eval: 1.398092269897461
