EbN0: [18]
BER: [[[[0.000484]]]]
Errors: [[[[484.]]]]
SER: [[[[0.000968]]]]
Noisepower: [[[[21.00709093]]]]
SNR: [[[[22.24212974]]]]
BER Variance: [[[[2.98408308e-08]]]]
Regularization: [[[[0.08998764]]]]
Time to eval: 1.3746659755706787
