EbN0: [18]
BER: [[[[6.19999992e-05]]]]
Errors: [[[[62.]]]]
SER: [[[[0.000124]]]]
Noisepower: [[[[21.00710804]]]]
SNR: [[[[22.33449768]]]]
BER Variance: [[[[2.71020425e-09]]]]
Regularization: [[[[0.12958004]]]]
Time to eval: 1.375624418258667
