EbN0: [18]
BER: [[[[2.30000005e-05]]]]
Errors: [[[[23.]]]]
SER: [[[[4.40000003e-05]]]]
Noisepower: [[[[21.01014572]]]]
SNR: [[[[22.43931147]]]]
BER Variance: [[[[1.55204082e-09]]]]
Regularization: [[[[0.15750039]]]]
Time to eval: 1.3911693096160889
