EbN0: [18]
BER: [[[[9.00000032e-06]]]]
Errors: [[[[9.]]]]
SER: [[[[1.80000006e-05]]]]
Noisepower: [[[[20.99938271]]]]
SNR: [[[[22.51368485]]]]
BER Variance: [[[[3.76530583e-10]]]]
Regularization: [[[[0.14509869]]]]
Time to eval: 1.385366678237915
