EbN0: [18]
BER: [[[[9.00000032e-06]]]]
Errors: [[[[9.]]]]
SER: [[[[1.80000006e-05]]]]
Noisepower: [[[[21.00772774]]]]
SNR: [[[[22.57577882]]]]
BER Variance: [[[[3.76530583e-10]]]]
Regularization: [[[[0.15413193]]]]
Time to eval: 1.4088823795318604
