EbN0: [21]
BER: [[[[0.00113389]]]]
SER: [[[[0.00217222]]]]
Noisepower: [[[[24.01031055]]]]
SNR: [[[[25.17312293]]]]
Time to train: 7846.813962936401
