EbN0: [18]
BER: [[[[3.05000003e-06]]]]
Errors: [[[[61.]]]]
SER: [[[[6.10000006e-06]]]]
Noisepower: [[[[21.01079997]]]]
SNR: [[[[22.57958535]]]]
BER Variance: [[[[1.58355847e-10]]]]
Regularization: [[[[0.]]]]
Time to eval: 4.1076579093933105
