EbN0: [18]
BER: [[[[4.74999979e-06]]]]
Errors: [[[[95.]]]]
SER: [[[[9.50000049e-06]]]]
Noisepower: [[[[21.00978981]]]]
SNR: [[[[22.52125931]]]]
BER Variance: [[[[2.30167657e-10]]]]
Regularization: [[[[0.]]]]
Time to eval: 4.1035168170928955
