EbN0: [18]
BER: [[[[0.01682055]]]]
Errors: [[[[336411.]]]]
SER: [[[[0.0323969]]]]
Noisepower: [[[[21.01072347]]]]
SNR: [[[[22.1743059]]]]
BER Variance: [[[[6.40209514e-06]]]]
Regularization: [[[[0.]]]]
Time to eval: 4.111639976501465
