EbN0: [18]
BER: [[[[4.01500001e-05]]]]
Errors: [[[[803.]]]]
SER: [[[[8.03000003e-05]]]]
Noisepower: [[[[21.01368191]]]]
SNR: [[[[22.34412248]]]]
BER Variance: [[[[2.1626401e-09]]]]
Regularization: [[[[0.]]]]
Time to eval: 4.103176832199097
