EbN0: [18]
BER: [[[[0.00029565]]]]
Errors: [[[[5913.]]]]
SER: [[[[0.0005913]]]]
Noisepower: [[[[21.00844033]]]]
SNR: [[[[22.24565062]]]]
BER Variance: [[[[2.20506238e-08]]]]
Regularization: [[[[0.]]]]
Time to eval: 4.120787620544434
