EbN0: [18]
BER: [[[[1.09000002e-05]]]]
Errors: [[[[218.]]]]
SER: [[[[2.18000005e-05]]]]
Noisepower: [[[[21.01162307]]]]
SNR: [[[[22.43843203]]]]
BER Variance: [[[[5.71761725e-10]]]]
Regularization: [[[[0.]]]]
Time to eval: 4.084560871124268
