EbN0: [21.]
BER: [[[[0.000224]]]]
SER: [[[[0.000448]]]]
Noisepower: [[[[24.01036831]]]]
SNR: [[[[25.17312517]]]]
Time to train: 128.66745805740356
